RemoveBuildingForPlayer(playerid, 1287, 1700.2266, -1721.5859, 13.0938, 0.25);
RemoveBuildingForPlayer(playerid, 1288, 1700.2266, -1720.6484, 13.0938, 0.25);
RemoveBuildingForPlayer(playerid, 1289, 1700.2266, -1719.5938, 13.0938, 0.25);
RemoveBuildingForPlayer(playerid, 1283, 1701.9922, -1732.8750, 15.6250, 0.25);
RemoveBuildingForPlayer(playerid, 1280, 1717.5000, -1721.4063, 12.9609, 0.25);
RemoveBuildingForPlayer(playerid, 625, 1713.0938, -1721.1797, 13.4609, 0.25);
RemoveBuildingForPlayer(playerid, 1280, 1717.5000, -1720.5234, 12.9609, 0.25);
RemoveBuildingForPlayer(playerid, 1216, 1721.6719, -1720.3906, 13.2266, 0.25);
RemoveBuildingForPlayer(playerid, 1216, 1722.6094, -1721.2891, 13.2266, 0.25);
RemoveBuildingForPlayer(playerid, 1216, 1722.6094, -1720.3906, 13.2266, 0.25);
RemoveBuildingForPlayer(playerid, 620, 1711.5625, -1703.8203, 12.9922, 0.25);
RemoveBuildingForPlayer(playerid, 1280, 1721.8672, -1706.4063, 12.9063, 0.25);
CreateObject(1287, 1700.33130, -1721.57507, 12.74510,   3.14160, 90.00000, -7.30920);
CreateObject(1288, 1700.37720, -1720.75977, 12.97770,   67.73270, 0.00000, 1.57080);
CreateObject(1289, 1699.75903, -1720.04834, 13.08231,   38.77600, 37.20800, 13.38010);
CreateObject(625, 1710.32825, -1721.77222, 11.37850,   353.58209, 80.22000, -115.17840);
CreateObject(1280, 1715.96387, -1720.92004, 12.96090,   356.85840, 90.00000, -49.63080);
CreateObject(1280, 1715.39868, -1721.99658, 12.96090,   0.14160, 12.08000, 110.83080);
CreateObject(620, 1712.34668, -1704.33838, 12.99219,   -42.33839, 26.76000, 2.33979);
CreateObject(635, 1709.41138, -1685.36597, 19.64599,   0.00000, -90.00000, 90.00000);
CreateObject(811, 1710.45593, -1705.01501, 14.13342,   0.00000, 0.00000, 0.00000);
CreateObject(815, 1700.76489, -1715.72314, 13.31244,   0.00000, 0.00000, 0.00000);
CreateObject(819, 1731.43665, -1705.70178, 13.75026,   0.00000, 0.00000, 0.00000);
CreateObject(825, 1710.73059, -1709.48767, 13.93051,   0.00000, 0.00000, 0.00000);
CreateObject(841, 1709.72876, -1722.91797, 12.52404,   0.00000, 0.00000, 0.00000);
CreateObject(849, 1718.17981, -1714.00183, 12.79290,   0.00000, 0.00000, 0.00000);
CreateObject(1531, 1709.77271, -1685.43408, 17.73220,   0.00000, 0.00000, 90.00000);
CreateObject(1280, 1717.08691, -1705.86731, 12.91333,   369.21838, 83.58006, 34.11850);
CreateObject(1216, 1722.73303, -1721.42542, 13.27330,   -30.00000, 0.00000, 90.00000);
CreateObject(1216, 1722.56543, -1719.62073, 12.83630,   0.00000, 90.00000, 119.40000);
CreateObject(1216, 1720.96545, -1719.37634, 12.76990,   112.62000, 171.29201, -64.43200);
CreateObject(1328, 1718.53247, -1692.79968, 13.01676,   0.00000, 0.00000, 0.00000);
CreateObject(1440, 1712.78503, -1691.01123, 13.02868,   0.00000, 0.00000, 0.00000);
CreateObject(1440, 1711.08936, -1692.40308, 13.02868,   0.00000, 0.00000, 55.80000);
CreateObject(1440, 1713.12378, -1693.03052, 13.02868,   0.00000, 0.00000, -34.92002);
CreateObject(636, 1706.60730, -1685.45972, 18.68649,   0.00000, -90.00000, 90.00000);
CreateObject(639, 1718.36121, -1694.44568, 16.17067,   0.00000, 0.00000, 90.00000);
CreateObject(18015, 1711.92749, -1745.29138, 23.65012,   0.00000, 0.00000, 0.00000);
CreateObject(18013, 1728.36304, -1679.00562, 18.18208,   0.00000, 0.00000, 0.00000);
CreateObject(854, 1701.93176, -1724.82007, 12.77030,   0.00000, 0.00000, 0.00000);
CreateObject(854, 1702.66235, -1724.69324, 12.77030,   0.00000, 0.00000, 0.00000);
CreateObject(854, 1698.14868, -1740.28076, 12.77030,   0.00000, 0.00000, 0.00000);
CreateObject(854, 1704.16980, -1693.29749, 12.77030,   0.00000, 0.00000, 0.00000);
CreateObject(854, 1720.50073, -1705.04565, 12.77030,   0.00000, 0.00000, 0.00000);
CreateObject(854, 1716.57739, -1733.28735, 12.59030,   0.00000, 0.00000, 0.00000);
CreateObject(3594, 1727.40442, -1711.73621, 13.49990,   -7.67999, -1.68000, -224.64005);
CreateObject(1283, 1694.72498, -1735.44775, 12.57628,   -90.00000, 0.00000, -19.32000);
CreateObject(854, 1701.93176, -1724.82007, 12.77030,   0.00000, 0.00000, 0.00000);
